
***** GLOBAL STATISTICS (     1 MPI TASKS) *****

$Id: gptl.c,v 1.157 2011-03-28 20:55:18 rosinski Exp $
'count' is cumulative. All other stats are max/min
NOTE: GPTL was built WITHOUT MPI: Only task 0 stats will be printed.
This is even for MPI codes.
name                          processes  threads        count      walltotal   wallmax (proc   thrd  )   wallmin (proc   thrd  )
DRIVER_INIT                           1        1 1.000000e+00   7.057938e+00     7.058 (     0      0)     7.058 (     0      0)
driver_init_comps                     1        1 1.000000e+00   5.034144e+00     5.034 (     0      0)     5.034 (     0      0)
phys_grid_init                        1        1 1.000000e+00   4.400000e-05     0.000 (     0      0)     0.000 (     0      0)
driver_init_xxx2xxx                   1        1 1.000000e+00   1.038000e-03     0.001 (     0      0)     0.001 (     0      0)
driver_init_maps                      1        1 1.000000e+00   1.280000e-04     0.000 (     0      0)     0.000 (     0      0)
driver_init_atminit                   1        1 1.000000e+00   1.589240e-01     0.159 (     0      0)     0.159 (     0      0)
driver_init_readrestart               1        1 1.000000e+00   6.600000e-05     0.000 (     0      0)     0.000 (     0      0)
DRIVER_RUN_LOOP_BSTART                1        1 1.000000e+00   1.000000e-06     0.000 (     0      0)     0.000 (     0      0)
DRIVER_RUN_LOOP                       1        1 1.440000e+02   6.227289e+00     6.227 (     0      0)     6.227 (     0      0)
DRIVER_CPL_RUN                        1        1 1.727000e+03   2.245740e-01     0.225 (     0      0)     0.225 (     0      0)
DRIVER_CLOCK_ADVANCE                  1        1 1.440000e+02   1.663730e-01     0.166 (     0      0)     0.166 (     0      0)
DRIVER_OCNPREP                        1        1 1.440000e+02   1.126200e-02     0.011 (     0      0)     0.011 (     0      0)
driver_ocnprep_atm2ocn                1        1 1.440000e+02   1.113600e-02     0.011 (     0      0)     0.011 (     0      0)
DRIVER_ICEPREP                        1        1 1.440000e+02   5.709000e-03     0.006 (     0      0)     0.006 (     0      0)
driver_iceprep_ocn2ice                1        1 1.440000e+02   5.180000e-04     0.001 (     0      0)     0.001 (     0      0)
driver_iceprep_atm2ice                1        1 1.440000e+02   1.507000e-03     0.002 (     0      0)     0.002 (     0      0)
driver_iceprep_mrgx2i                 1        1 1.440000e+02   3.336000e-03     0.003 (     0      0)     0.003 (     0      0)
DRIVER_CPL_COMM                       1        1 7.190000e+02   1.100200e-02     0.011 (     0      0)     0.011 (     0      0)
DRIVER_C2I                            1        1 1.440000e+02   2.378000e-03     0.002 (     0      0)     0.002 (     0      0)
driver_c2i_icex2icei                  1        1 1.440000e+02   1.531000e-03     0.002 (     0      0)     0.002 (     0      0)
driver_c2i_infoexch                   1        1 1.440000e+02   5.600000e-04     0.001 (     0      0)     0.001 (     0      0)
DRIVER_ICE_RUN                        1        1 1.440000e+02   1.456670e-01     0.146 (     0      0)     0.146 (     0      0)
cice_run_total                        1        1 1.440000e+02   1.199820e-01     0.120 (     0      0)     0.120 (     0      0)
cice_run_import                       1        1 1.440000e+02   1.197500e-02     0.012 (     0      0)     0.012 (     0      0)
cice_imp_ocn                          1        1 1.440000e+02   1.572000e-03     0.002 (     0      0)     0.002 (     0      0)
cice_imp_atm                          1        1 1.440000e+02   1.262000e-03     0.001 (     0      0)     0.001 (     0      0)
cice_run_initmd                       1        1 1.440000e+02   2.309000e-03     0.002 (     0      0)     0.002 (     0      0)
cice_run_presc                        1        1 1.440000e+02   1.627900e-02     0.016 (     0      0)     0.016 (     0      0)
cice_pice_strd_adv_readLBUB           1        1 1.440000e+02   2.499000e-03     0.002 (     0      0)     0.002 (     0      0)
cice_pice_readLBUB_setup              1        1 1.440000e+02   1.050000e-04     0.000 (     0      0)     0.000 (     0      0)
cice_pice_readLBUB_fbound             1        1 1.000000e+00   2.800000e-04     0.000 (     0      0)     0.000 (     0      0)
cice_pice_readLBUB_bcast              1        1 1.000000e+00   3.000000e-06     0.000 (     0      0)     0.000 (     0      0)
cice_pice_readLBUB_LB_setup           1        1 1.000000e+00   4.500000e-05     0.000 (     0      0)     0.000 (     0      0)
cice_pice_readLBUB_LB_readpio         1        1 1.000000e+00   5.400000e-04     0.001 (     0      0)     0.001 (     0      0)
cice_pice_readLBUB_UB_setup           1        1 1.000000e+00   3.000000e-05     0.000 (     0      0)     0.000 (     0      0)
cice_pice_readLBUB_UB_readpio         1        1 1.000000e+00   4.990000e-04     0.000 (     0      0)     0.000 (     0      0)
cice_pice_readLBUB_filemgt            1        1 1.440000e+02   6.600000e-05     0.000 (     0      0)     0.000 (     0      0)
cice_pice_strd_adv_map                1        1 1.000000e+00   2.300000e-05     0.000 (     0      0)     0.000 (     0      0)
cice_pice_strd_adv_tint               1        1 1.440000e+02   5.670000e-03     0.006 (     0      0)     0.006 (     0      0)
cice_run_initflux                     1        1 1.440000e+02   3.600000e-04     0.000 (     0      0)     0.000 (     0      0)
cice_run_prepradiation                1        1 1.440000e+02   8.600000e-04     0.001 (     0      0)     0.001 (     0      0)
cice_run_therm1                       1        1 1.440000e+02   1.326600e-02     0.013 (     0      0)     0.013 (     0      0)
cice_run_dyn                          1        1 1.440000e+02   3.600000e-05     0.000 (     0      0)     0.000 (     0      0)
cice_run_radiation                    1        1 1.440000e+02   9.947000e-03     0.010 (     0      0)     0.010 (     0      0)
cice_step_radiationib                 1        1 1.440000e+02   9.549000e-03     0.010 (     0      0)     0.010 (     0      0)
cice_step_rib_swdedd1                 1        1 1.440000e+02   4.810000e-04     0.000 (     0      0)     0.000 (     0      0)
cice_step_rib_swdedd2                 1        1 1.440000e+02   4.210000e-04     0.000 (     0      0)     0.000 (     0      0)
cice_step_rib_swdedd7                 1        1 1.440000e+02   7.362000e-03     0.007 (     0      0)     0.007 (     0      0)
cice_run_couplingprep                 1        1 1.440000e+02   8.603000e-03     0.009 (     0      0)     0.009 (     0      0)
cice_run_diag                         1        1 1.440000e+02   1.615800e-02     0.016 (     0      0)     0.016 (     0      0)
cice_run_hist                         1        1 1.440000e+02   2.252800e-02     0.023 (     0      0)     0.023 (     0      0)
cice_run_accum                        1        1 1.440000e+02   4.591000e-03     0.005 (     0      0)     0.005 (     0      0)
cice_run_export                       1        1 1.440000e+02   2.579000e-03     0.003 (     0      0)     0.003 (     0      0)
DRIVER_ATMOCNP                        1        1 1.440000e+02   6.029000e-03     0.006 (     0      0)     0.006 (     0      0)
driver_atmocnp_fluxo                  1        1 1.440000e+02   5.796000e-03     0.006 (     0      0)     0.006 (     0      0)
DRIVER_I2C                            1        1 1.440000e+02   1.780000e-03     0.002 (     0      0)     0.002 (     0      0)
driver_i2c_icei2icex                  1        1 1.440000e+02   1.161000e-03     0.001 (     0      0)     0.001 (     0      0)
driver_i2c_infoexch                   1        1 1.440000e+02   3.580000e-04     0.000 (     0      0)     0.000 (     0      0)
DRIVER_ICEPOST                        1        1 1.440000e+02   3.700000e-05     0.000 (     0      0)     0.000 (     0      0)
DRIVER_FRACSET                        1        1 1.440000e+02   5.745000e-03     0.006 (     0      0)     0.006 (     0      0)
driver_fracset_fracset                1        1 1.440000e+02   5.592000e-03     0.006 (     0      0)     0.006 (     0      0)
DRIVER_ATMPREP                        1        1 1.440000e+02   2.796800e-02     0.028 (     0      0)     0.028 (     0      0)
driver_atmprep_ocn2atmf               1        1 1.440000e+02   6.091000e-03     0.006 (     0      0)     0.006 (     0      0)
driver_atmprep_ocn2atm1               1        1 1.440000e+02   2.950000e-03     0.003 (     0      0)     0.003 (     0      0)
driver_atmprep_ocn2atm2               1        1 1.440000e+02   2.121000e-03     0.002 (     0      0)     0.002 (     0      0)
driver_atmprep_ocn2atmb               1        1 1.440000e+02   2.588000e-03     0.003 (     0      0)     0.003 (     0      0)
driver_atmprep_ice2atm                1        1 1.440000e+02   7.849000e-03     0.008 (     0      0)     0.008 (     0      0)
driver_atmprep_mrgx2a                 1        1 1.440000e+02   5.567000e-03     0.006 (     0      0)     0.006 (     0      0)
DRIVER_C2A                            1        1 1.440000e+02   2.006000e-03     0.002 (     0      0)     0.002 (     0      0)
driver_c2a_atmx2atma                  1        1 1.440000e+02   1.227000e-03     0.001 (     0      0)     0.001 (     0      0)
driver_c2a_infoexch                   1        1 1.440000e+02   5.240000e-04     0.001 (     0      0)     0.001 (     0      0)
DRIVER_ATM_RUN                        1        1 1.440000e+02   5.780175e+00     5.780 (     0      0)     5.780 (     0      0)
CAM_import                            1        1 1.440000e+02   2.290000e-04     0.000 (     0      0)     0.000 (     0      0)
CAM_run2                              1        1 1.450000e+02   6.590800e-02     0.066 (     0      0)     0.066 (     0      0)
phys_run2                             1        1 1.450000e+02   6.504600e-02     0.065 (     0      0)     0.065 (     0      0)
lightning_no_prod                     1        1 1.450000e+02   6.900000e-05     0.000 (     0      0)     0.000 (     0      0)
ac_physics                            1        1 1.450000e+02   6.450000e-02     0.065 (     0      0)     0.065 (     0      0)
diag_surf                             1        1 1.450000e+02   2.505000e-03     0.003 (     0      0)     0.003 (     0      0)
tphysac_init                          1        1 1.450000e+02   1.098000e-03     0.001 (     0      0)     0.001 (     0      0)
adv_tracer_src_snk                    1        1 1.450000e+02   4.080000e-04     0.000 (     0      0)     0.000 (     0      0)
vertical_diffusion_tend               1        1 1.450000e+02   4.965400e-02     0.050 (     0      0)     0.050 (     0      0)
rayleigh_friction                     1        1 1.450000e+02   1.899000e-03     0.002 (     0      0)     0.002 (     0      0)
aero_drydep                           1        1 1.450000e+02   1.374000e-03     0.001 (     0      0)     0.001 (     0      0)
carma_timestep_tend                   1        1 2.900000e+02   3.400000e-04     0.000 (     0      0)     0.000 (     0      0)
gw_intr                               1        1 1.450000e+02   4.168000e-03     0.004 (     0      0)     0.004 (     0      0)
carma_accumulate_stats                1        1 1.450000e+02   2.700000e-05     0.000 (     0      0)     0.000 (     0      0)
physpkg_st2                           1        1 1.450000e+02   1.190000e-04     0.000 (     0      0)     0.000 (     0      0)
stepon_run2                           1        1 1.450000e+02   6.040000e-04     0.001 (     0      0)     0.001 (     0      0)
p_d_coupling                          1        1 1.450000e+02   4.770000e-04     0.000 (     0      0)     0.000 (     0      0)
cam_run2_memusage                     1        1 1.000000e+00   0.000000e+00     0.000 (     0      0)     0.000 (     0      0)
CAM_run3                              1        1 1.450000e+02   2.250868e+00     2.251 (     0      0)     2.251 (     0      0)
stepon_run3                           1        1 1.450000e+02   2.250702e+00     2.251 (     0      0)     2.251 (     0      0)
dynpkg                                1        1 1.450000e+02   2.180758e+00     2.181 (     0      0)     2.181 (     0      0)
sltrun                                1        1 1.450000e+02   2.165517e+00     2.166 (     0      0)     2.166 (     0      0)
scanslt_da_coup                       1        1 1.450000e+02   1.219000e-03     0.001 (     0      0)     0.001 (     0      0)
sltb1                                 1        1 1.450000e+02   1.192400e-02     0.012 (     0      0)     0.012 (     0      0)
scanslt_ad_coup                       1        1 1.450000e+02   1.430000e-04     0.000 (     0      0)     0.000 (     0      0)
scan2_single                          1        1 1.450000e+02   1.340000e-04     0.000 (     0      0)     0.000 (     0      0)
tfilt_massfix                         1        1 1.450000e+02   4.719000e-03     0.005 (     0      0)     0.005 (     0      0)
cam_run3_memusage                     1        1 1.000000e+00   0.000000e+00     0.000 (     0      0)     0.000 (     0      0)
CAM_run4                              1        1 1.450000e+02   3.424280e-01     0.342 (     0      0)     0.342 (     0      0)
wshist                                1        1 1.450000e+02   3.394490e-01     0.339 (     0      0)     0.339 (     0      0)
h_normalize                           1        1 1.479000e+04   4.574000e-03     0.005 (     0      0)     0.005 (     0      0)
dump_field                            1        1 1.450000e+02   2.881400e-01     0.288 (     0      0)     0.288 (     0      0)
get_decomp                            1        1 1.653000e+04   1.550500e-02     0.016 (     0      0)     0.016 (     0      0)
get_phys_decomp                       1        1 1.609500e+04   7.206000e-03     0.007 (     0      0)     0.007 (     0      0)
get_dyn_decomp                        1        1 4.350000e+02   2.900000e-04     0.000 (     0      0)     0.000 (     0      0)
h_zero                                1        1 1.653000e+04   3.692000e-03     0.004 (     0      0)     0.004 (     0      0)
cam_run4_wrapup                       1        1 1.450000e+02   2.654000e-03     0.003 (     0      0)     0.003 (     0      0)
cam_run4_flush                        1        1 1.450000e+02   6.600000e-05     0.000 (     0      0)     0.000 (     0      0)
CAM_adv_timestep                      1        1 1.450000e+02   6.010000e-04     0.001 (     0      0)     0.001 (     0      0)
CAM_run1                              1        1 1.450000e+02   3.069496e+00     3.069 (     0      0)     3.069 (     0      0)
stepon_run1                           1        1 1.450000e+02   4.984000e-03     0.005 (     0      0)     0.005 (     0      0)
diag_dynvar_ic                        1        1 1.450000e+02   9.980000e-04     0.001 (     0      0)     0.001 (     0      0)
d_p_coupling                          1        1 1.450000e+02   3.738000e-03     0.004 (     0      0)     0.004 (     0      0)
phys_run1                             1        1 1.450000e+02   3.064288e+00     3.064 (     0      0)     3.064 (     0      0)
physpkg_st1                           1        1 2.900000e+02   3.488300e-02     0.035 (     0      0)     0.035 (     0      0)
chk_en_gmean                          1        1 1.450000e+02   7.257000e-03     0.007 (     0      0)     0.007 (     0      0)
gmean_fixed_repro                     1        1 1.450000e+02   5.345000e-03     0.005 (     0      0)     0.005 (     0      0)
shr_reprosum_int                      1        1 1.450000e+02   4.686000e-03     0.005 (     0      0)     0.005 (     0      0)
repro_sum_loopa                       1        1 1.450000e+02   3.320000e-04     0.000 (     0      0)     0.000 (     0      0)
repro_sum_allr_minmax                 1        1 1.450000e+02   4.900000e-05     0.000 (     0      0)     0.000 (     0      0)
repro_sum_loopb                       1        1 1.450000e+02   1.220000e-03     0.001 (     0      0)     0.001 (     0      0)
repro_sum_allr_i8                     1        1 1.450000e+02   4.900000e-05     0.000 (     0      0)     0.000 (     0      0)
advance_trcdata                       1        1 4.350000e+02   1.449100e-02     0.014 (     0      0)     0.014 (     0      0)
interpolate_trcdata                   1        1 4.350000e+02   6.247000e-03     0.006 (     0      0)     0.006 (     0      0)
bc_physics                            1        1 1.450000e+02   3.029117e+00     3.029 (     0      0)     3.029 (     0      0)
diag_physvar_ic                       1        1 1.450000e+02   8.400000e-04     0.001 (     0      0)     0.001 (     0      0)
bc_init                               1        1 1.450000e+02   4.384000e-03     0.004 (     0      0)     0.004 (     0      0)
energy_fixer                          1        1 1.450000e+02   6.430000e-04     0.001 (     0      0)     0.001 (     0      0)
dry_adjustment                        1        1 1.450000e+02   2.895000e-03     0.003 (     0      0)     0.003 (     0      0)
moist_convection                      1        1 1.450000e+02   2.014802e+00     2.015 (     0      0)     2.015 (     0      0)
convect_deep_tend                     1        1 1.450000e+02   1.932087e+00     1.932 (     0      0)     1.932 (     0      0)
convect_shallow_tend                  1        1 1.450000e+02   1.458800e-02     0.015 (     0      0)     0.015 (     0      0)
macrop_tend                           1        1 1.450000e+02   9.462400e-02     0.095 (     0      0)     0.095 (     0      0)
cldfrc                                1        1 1.450000e+02   4.004000e-03     0.004 (     0      0)     0.004 (     0      0)
mmacro_pcond                          1        1 1.450000e+02   7.198700e-02     0.072 (     0      0)     0.072 (     0      0)
microp_aero_run                       1        1 1.450000e+02   2.575100e-02     0.026 (     0      0)     0.026 (     0      0)
microp_tend                           1        1 1.450000e+02   7.249800e-02     0.072 (     0      0)     0.072 (     0      0)
microp_mg_tend                        1        1 1.450000e+02   6.945400e-02     0.069 (     0      0)     0.069 (     0      0)
bc_aerosols                           1        1 1.450000e+02   4.707000e-03     0.005 (     0      0)     0.005 (     0      0)
convect_deep_tend2                    1        1 1.450000e+02   1.460000e-04     0.000 (     0      0)     0.000 (     0      0)
bc_history_write                      1        1 1.450000e+02   7.814000e-03     0.008 (     0      0)     0.008 (     0      0)
bc_cld_diag_history_write             1        1 1.450000e+02   2.184000e-03     0.002 (     0      0)     0.002 (     0      0)
radiation                             1        1 1.450000e+02   7.889220e-01     0.789 (     0      0)     0.789 (     0      0)
tropopause                            1        1 1.450000e+02   3.937000e-03     0.004 (     0      0)     0.004 (     0      0)
cam_export                            1        1 1.450000e+02   2.191000e-03     0.002 (     0      0)     0.002 (     0      0)
diag_export                           1        1 1.450000e+02   4.100000e-04     0.000 (     0      0)     0.000 (     0      0)
CAM_export                            1        1 1.450000e+02   1.960000e-04     0.000 (     0      0)     0.000 (     0      0)
DRIVER_A2C                            1        1 1.440000e+02   3.087000e-03     0.003 (     0      0)     0.003 (     0      0)
driver_a2c_atma2atmx                  1        1 1.440000e+02   1.744000e-03     0.002 (     0      0)     0.002 (     0      0)
driver_a2c_infoexch                   1        1 1.440000e+02   1.024000e-03     0.001 (     0      0)     0.001 (     0      0)
DRIVER_ATMPOST                        1        1 1.440000e+02   2.200000e-05     0.000 (     0      0)     0.000 (     0      0)
DRIVER_HISTORY                        1        1 1.440000e+02   1.330000e-04     0.000 (     0      0)     0.000 (     0      0)
DRIVER_TSTAMP_WRITE                   1        1 1.440000e+02   1.280000e-04     0.000 (     0      0)     0.000 (     0      0)
DRIVER_TPROF_WRITE                    1        1 1.440000e+02   3.000000e-05     0.000 (     0      0)     0.000 (     0      0)
DRIVER_C2O_INITWAIT                   1        1 1.000000e+00   0.000000e+00     0.000 (     0      0)     0.000 (     0      0)
DRIVER_OCN_RUN                        1        1 1.430000e+02   6.339800e-02     0.063 (     0      0)     0.063 (     0      0)
DOCN_RUN                              1        1 1.430000e+02   5.284900e-02     0.053 (     0      0)     0.053 (     0      0)
docn_run1                             1        1 1.430000e+02   1.309300e-02     0.013 (     0      0)     0.013 (     0      0)
docn_unpack                           1        1 1.430000e+02   2.800000e-05     0.000 (     0      0)     0.000 (     0      0)
docn                                  1        1 1.430000e+02   3.667200e-02     0.037 (     0      0)     0.037 (     0      0)
docn_strdata_advance                  1        1 1.430000e+02   7.185000e-03     0.007 (     0      0)     0.007 (     0      0)
docn_strd_adv_readLBUB                1        1 1.430000e+02   7.410000e-04     0.001 (     0      0)     0.001 (     0      0)
docn_readLBUB_setup                   1        1 1.430000e+02   1.160000e-04     0.000 (     0      0)     0.000 (     0      0)
docn_readLBUB_filemgt                 1        1 1.430000e+02   3.900000e-05     0.000 (     0      0)     0.000 (     0      0)
docn_strd_adv_tint                    1        1 1.430000e+02   5.082000e-03     0.005 (     0      0)     0.005 (     0      0)
docn_scatter                          1        1 1.430000e+02   2.864500e-02     0.029 (     0      0)     0.029 (     0      0)
docn_mode                             1        1 1.430000e+02   4.900000e-04     0.000 (     0      0)     0.000 (     0      0)
docn_run2                             1        1 1.430000e+02   2.736000e-03     0.003 (     0      0)     0.003 (     0      0)
DRIVER_O2CT                           1        1 1.430000e+02   1.345000e-03     0.001 (     0      0)     0.001 (     0      0)
driver_o2ct_ocno2ocnx                 1        1 1.430000e+02   4.960000e-04     0.000 (     0      0)     0.000 (     0      0)
driver_o2ct_infoexch                  1        1 1.430000e+02   5.560000e-04     0.001 (     0      0)     0.001 (     0      0)
DRIVER_OCNPOSTT                       1        1 1.430000e+02   3.800000e-05     0.000 (     0      0)     0.000 (     0      0)
cldoptics                             1        1 4.800000e+01   2.359000e-03     0.002 (     0      0)     0.002 (     0      0)
mcica_subcol_sw                       1        1 2.400000e+01   7.415300e-02     0.074 (     0      0)     0.074 (     0      0)
rrtmg_sw                              1        1 2.400000e+01   2.551960e-01     0.255 (     0      0)     0.255 (     0      0)
mcica_subcol_lw                       1        1 4.800000e+01   1.775510e-01     0.178 (     0      0)     0.178 (     0      0)
rrtmg_lw                              1        1 4.800000e+01   2.390800e-01     0.239 (     0      0)     0.239 (     0      0)
DRIVER_RUN_LOOP_BSTOP                 1        1 1.000000e+00   1.000000e-06     0.000 (     0      0)     0.000 (     0      0)
DRIVER_FINAL                          1        1 1.000000e+00   8.382000e-03     0.008 (     0      0)     0.008 (     0      0)
DOCN_FINAL                            1        1 1.000000e+00   1.800000e-05     0.000 (     0      0)     0.000 (     0      0)
t_prf                                 0        0 0.000000e+00   0.000000e+00     0.000 (     0      0)     0.000 (     0      0)

